<?xml version="1.0"?>
<opencv_storage>
<classifications type_id="opencv-matrix">
  <rows>29</rows>
  <cols>1</cols>
  <dt>i</dt>
  <data>
    49 49 50 50 50 50 50 50 51 51 51 51 51 52 53 53 53 53 48 54 54 54 54
    54 55 55 56 57 57</data></classifications>
</opencv_storage>
