<?xml version="1.0"?>
<opencv_storage>
<images type_id="opencv-matrix">
  <rows>29</rows>
  <cols>600</cols>
  <dt>f</dt>
  <data>
    0. 0. 0. 0. 38. 79. 0. 103. 137. 63. 0. 81. 10. 0. 0. 0. 0. 0. 0. 0.
    0. 0. 0. 0. 248. 255. 242. 255. 255. 252. 242. 255. 244. 242. 242.
    0. 0. 0. 0. 0. 0. 0. 0. 0. 255. 255. 255. 255. 255. 106. 106. 255.
    255. 255. 110. 50. 0. 0. 0. 0. 55. 55. 0. 0. 255. 255. 223. 0. 0. 0.
    0. 83. 255. 231. 5. 0. 0. 0. 10. 15. 255. 255. 0. 0. 255. 249. 16.
    0. 0. 0. 0. 83. 255. 146. 0. 0. 0. 0. 44. 70. 70. 255. 255. 255.
    255. 0. 0. 0. 0. 0. 0. 83. 255. 147. 0. 0. 0. 0. 0. 0. 70. 255. 84.
    253. 241. 0. 0. 0. 0. 0. 0. 83. 255. 147. 0. 0. 0. 0. 255. 70. 70.
    255. 0. 236. 134. 0. 0. 0. 0. 0. 0. 83. 255. 228. 5. 0. 0. 0. 255.
    70. 255. 255. 61. 90. 134. 0. 56. 235. 32. 0. 0. 83. 255. 255. 6. 0.
    0. 0. 17. 27. 252. 255. 253. 251. 251. 10. 255. 255. 83. 0. 0. 82.
    254. 146. 0. 0. 0. 0. 255. 73. 70. 255. 159. 0. 0. 93. 255. 255. 83.
    0. 0. 0. 223. 217. 4. 0. 0. 104. 255. 255. 70. 255. 45. 0. 0. 6.
    255. 255. 83. 0. 0. 0. 223. 255. 6. 134. 67. 114. 255. 203. 70. 255.
    247. 234. 123. 6. 255. 255. 83. 0. 0. 0. 223. 255. 234. 134. 20. 0.
    21. 6. 70. 255. 0. 106. 60. 6. 255. 255. 83. 0. 0. 0. 223. 255. 118.
    0. 0. 0. 0. 102. 57. 247. 0. 0. 0. 6. 255. 255. 83. 0. 0. 0. 223.
    255. 255. 0. 0. 0. 44. 255. 57. 247. 130. 0. 0. 6. 255. 255. 83. 0.
    0. 0. 223. 255. 255. 0. 193. 0. 216. 104. 70. 255. 159. 0. 0. 6.
    255. 255. 255. 0. 0. 0. 223. 255. 255. 0. 130. 0. 116. 0. 64. 251.
    247. 253. 0. 6. 255. 255. 255. 0. 0. 0. 223. 255. 255. 0. 18. 234.
    234. 64. 0. 60. 45. 67. 0. 2. 177. 255. 255. 0. 0. 0. 63. 255. 255.
    0. 0. 0. 0. 0. 0. 0. 0. 0. 0. 4. 217. 255. 255. 0. 0. 0. 0. 255.
    255. 0. 0. 0. 16. 89. 0. 207. 0. 0. 0. 0. 146. 255. 255. 0. 0. 0. 0.
    255. 255. 119. 0. 0. 44. 255. 43. 238. 218. 12. 0. 0. 56. 255. 255.
    0. 0. 0. 0. 255. 255. 121. 0. 0. 44. 255. 53. 244. 255. 255. 255. 0.
    147. 255. 255. 197. 0. 0. 0. 255. 255. 255. 59. 0. 44. 255. 0. 210.
    255. 47. 148. 0. 17. 255. 255. 198. 0. 0. 0. 255. 255. 255. 28. 0.
    5. 30. 0. 109. 209. 10. 0. 0. 0. 140. 255. 198. 0. 0. 0. 179. 255.
    186. 0. 0. 0. 0. 0. 210. 255. 54. 0. 0. 0. 27. 243. 197. 0. 0. 0.
    130. 255. 121. 0. 0. 38. 168. 0. 210. 255. 255. 200. 0. 115. 200.
    237. 242. 200. 200. 200. 255. 255. 226. 0. 125. 220. 15. 0. 0. 255.
    255. 78. 6. 255. 255. 255. 255. 255. 255. 255. 255. 151. 255. 255.
    255. 0. 0. 0. 0. 242. 18. 0. 6. 242. 253. 242. 242. 242. 242. 30. 0.
    0. 242. 255. 255. 212. 13. 0. 0. 0. 0. 0. 4. 174. 71. 0. 0. 0. 0. 0.
    0. 0. 0. 94. 255. 255. 255. 0. 0. 0. 255. 255. 255. 255. 255. 255.
    255. 229. 255. 255. 255. 255. 26. 255. 255. 0. 0. 0. 76. 76. 255.
    255. 255. 255. 255. 179. 179. 0. 179. 179. 179. 255. 255. 255. 179.
    0. 0. 128. 255. 255. 255. 255. 128. 128. 128. 0. 0. 0. 0. 0. 0. 255.
    255. 255. 0. 0. 0. 255. 255. 255. 255. 255. 0. 0. 0. 0. 0. 0. 0. 0.
    0. 255. 255. 255. 179. 0. 0. 26. 255. 255. 255. 26. 0. 0. 0. 0. 0.
    0. 0. 0. 0. 255. 255. 255. 255. 0. 0. 0. 255. 255. 255. 0. 0. 0. 0.
    0. 0. 0. 0. 0. 0. 255. 255. 255. 255. 229. 0. 0. 179. 179. 255. 0.
    0. 0. 0. 76. 0. 0. 0. 0. 0. 255. 255. 255. 255. 0. 0. 0. 0. 0. 128.
    128. 128. 128. 128. 255. 0. 0. 0. 0. 0. 255. 255. 255. 255. 0. 0.
    179. 0. 0. 179. 255. 255. 255. 255. 255. 0. 0. 0. 0. 0. 255. 255.
    255. 255. 179. 0. 255. 0. 0. 255. 255. 255. 255. 255. 255. 0. 0. 0.
    0. 0. 255. 255. 255. 255. 255. 0. 229. 255. 26. 0. 229. 255. 255.
    255. 255. 0. 0. 0. 0. 0. 255. 255. 255. 255. 255. 0. 76. 179. 179.
    0. 0. 255. 255. 255. 255. 0. 0. 0. 0. 0. 255. 255. 255. 255. 179. 0.
    255. 0. 0. 0. 128. 255. 255. 255. 255. 0. 0. 0. 0. 0. 255. 255. 255.
    255. 0. 0. 76. 0. 0. 0. 76. 255. 255. 255. 255. 0. 0. 0. 0. 0. 255.
    255. 255. 255. 179. 0. 0. 0. 0. 0. 0. 255. 255. 255. 255. 0. 0. 0.
    0. 0. 26. 255. 255. 255. 255. 0. 0. 0. 0. 0. 0. 0. 255. 255. 255. 0.
    0. 0. 0. 0. 0. 255. 255. 255. 229. 0. 0. 0. 0. 0. 0. 0. 255. 255.
    255. 0. 0. 0. 0. 0. 0. 255. 255. 255. 0. 0. 0. 0. 0. 0. 0. 0. 255.
    255. 255. 0. 0. 0. 0. 0. 0. 255. 255. 255. 128. 0. 0. 179. 179. 0.
    0. 179. 255. 255. 255. 0. 0. 0. 0. 0. 0. 255. 255. 255. 255. 179. 0.
    26. 255. 0. 0. 255. 255. 255. 255. 0. 0. 0. 0. 0. 0. 255. 255. 255.
    255. 255. 255. 0. 0. 0. 0. 229. 255. 255. 255. 0. 0. 0. 0. 0. 0.
    255. 255. 255. 255. 229. 255. 0. 0. 0. 0. 0. 255. 255. 255. 0. 0. 0.
    0. 0. 0. 255. 255. 255. 255. 0. 128. 0. 0. 0. 0. 0. 255. 255. 255.
    0. 0. 0. 0. 0. 0. 255. 255. 255. 255. 0. 179. 0. 0. 0. 0. 0. 255.
    255. 255. 0. 0. 0. 0. 0. 0. 255. 255. 255. 255. 0. 26. 0. 0. 0. 0.
    0. 255. 255. 255. 229. 0. 0. 0. 0. 0. 255. 255. 255. 255. 0. 0. 0.
    0. 0. 0. 0. 229. 255. 255. 0. 0. 0. 0. 0. 0. 255. 255. 255. 255. 0.
    0. 0. 0. 0. 0. 0. 76. 255. 255. 0. 0. 0. 0. 0. 0. 255. 255. 255.
    255. 0. 0. 0. 0. 0. 0. 0. 255. 255. 255. 128. 0. 0. 0. 0. 128. 255.
    255. 255. 255. 0. 0. 0. 0. 0. 0. 0. 76. 255. 255. 255. 179. 179.
    179. 179. 255. 76. 255. 76. 76. 0. 0. 0. 0. 0. 0. 0. 0. 255. 255.
    255. 255. 255. 255. 255. 255. 0. 26. 0. 0. 0. 0. 0. 0. 0. 0. 0. 6.
    255. 70. 64. 255. 215. 0. 0. 0. 0. 255. 0. 0. 0. 0. 17. 0. 0. 0. 0.
    75. 179. 0. 103. 255. 255. 0. 0. 0. 0. 219. 76. 0. 0. 0. 57. 0. 0.
    0. 79. 248. 0. 0. 0. 255. 224. 223. 0. 0. 0. 22. 255. 165. 0. 0. 55.
    0. 0. 3. 255. 255. 7. 0. 0. 147. 247. 255. 6. 0. 0. 134. 255. 0. 0.
    0. 0. 0. 0. 238. 66. 25. 22. 0. 132. 146. 0. 255. 230. 0. 0. 134.
    255. 0. 0. 0. 0. 0. 0. 40. 0. 0. 0. 0. 146. 0. 16. 255. 6. 0. 0.
    134. 255. 0. 0. 0. 0. 0. 0. 0. 0. 0. 0. 0. 0. 0. 255. 255. 6. 0. 0.
    134. 255. 0. 0. 0. 0. 0. 0. 0. 0. 0. 0. 0. 0. 54. 255. 239. 0. 0. 0.
    134. 159. 0. 118. 0. 0. 0. 0. 0. 0. 2. 0. 68. 255. 255. 229. 0. 0.
    0. 0. 134. 0. 0. 0. 0. 0. 0. 0. 0. 0. 64. 24. 185. 255. 255. 0. 0.
    0. 0. 0. 255. 0. 0. 0. 0. 0. 0. 0. 0. 0. 0. 0. 0. 255. 132. 0. 0. 0.
    0. 180. 255. 159. 26. 43. 0. 0. 0. 0. 0. 0. 0. 0. 179. 8. 0. 0. 0.
    0. 247. 255. 255. 252. 199. 255. 0. 0. 0. 0. 0. 0. 5. 255. 255. 108.
    0. 0. 0. 0. 255. 255. 143. 255. 255. 39. 0. 0. 67. 0. 0. 0. 255.
    255. 76. 0. 0. 0. 0. 0. 255. 255. 0. 29. 0. 0. 0. 0. 0. 0. 0. 164.
    255. 255. 0. 0. 0. 0. 255. 145. 255. 180. 76. 0. 0. 0. 0. 0. 0. 0.
    255. 255. 252. 18. 0. 0. 0. 0. 255. 255. 255. 47. 0. 0. 0. 0. 0. 0.
    0. 36. 255. 255. 174. 0. 0. 0. 0. 255. 255. 180. 31. 0. 0. 0. 0. 0.
    0. 0. 27. 255. 255. 0. 0. 0. 0. 0. 108. 255. 223. 0. 0. 0. 0. 0. 0.
    0. 0. 0. 154. 255. 252. 0. 0. 0. 0. 0. 108. 255. 0. 0. 0. 0. 0. 0.
    0. 0. 0. 0. 0. 255. 17. 0. 0. 0. 0. 97. 108. 255. 201. 0. 0. 0. 0.
    0. 0. 0. 0. 46. 133. 0. 0. 0. 0. 0. 142. 255. 195. 60. 223. 0. 0. 0.
    0. 22. 0. 0. 0. 234. 96. 0. 0. 0. 4. 161. 255. 255. 255. 44. 255.
    161. 161. 192. 161. 0. 0. 0. 128. 255. 96. 0. 0. 0. 255. 255. 255.
    255. 255. 255. 255. 255. 255. 255. 255. 207. 0. 0. 236. 255. 0. 0.
    0. 0. 161. 173. 187. 69. 161. 161. 161. 0. 161. 0. 161. 159. 0. 0.
    181. 255. 22. 0. 0. 0. 0. 0. 0. 0. 0. 0. 0. 0. 0. 0. 0. 0. 0. 0. 0.
    255. 0. 0. 0. 0. 0. 0. 0. 0. 0. 0. 0. 0. 0. 0. 0. 255. 255. 26. 0.
    199. 0. 0. 0. 0. 0. 0. 0. 0. 0. 0. 0. 0. 0. 0. 0. 255. 255. 255. 0.
    255. 0. 0. 0. 0. 0. 0. 0. 0. 0. 0. 0. 0. 0. 0. 112. 175. 10. 39. 71.
    255. 207. 179. 58. 179. 255. 179. 255. 255. 222. 200. 255. 255. 255.
    255. 255. 48. 0. 0. 0. 86. 164. 179. 157. 255. 255. 128. 255. 255.
    255. 255. 255. 110. 255. 110. 0. 0. 57. 0. 0. 0. 0. 0. 0. 36. 133.
    0. 0. 0. 0. 106. 114. 0. 0. 143. 94. 35. 0. 0. 0. 0. 0. 0. 0. 0. 0.
    0. 0. 0. 0. 0. 29. 4. 203. 255. 255. 112. 11. 0. 0. 0. 0. 0. 0. 0.
    0. 0. 0. 0. 0. 0. 0. 220. 255. 255. 255. 255. 108. 0. 0. 145. 90. 0.
    0. 0. 0. 0. 0. 0. 0. 0. 0. 91. 255. 255. 36. 0. 0. 0. 121. 255. 255.
